NDIM=3.0
N_BLADES=41.0
N_SECTIONS=5.0
CASCADE_TYPE=ANNULAR
x_leading=0.1349970594764929
y_leading=-0.006292118667443949
z_leading=0.25001813010983015, 0.3250140491546216
x_trailing=0.17881214773581047
z_trailing=0.2500163012051639, 0.32499546303141014
x_hub=
z_hub=
x_shroud=
z_shroud=
PARAMETRIZATION_TYPE=CAMBER_THICKNESS
stagger=-45.38141043942181, -45.38557175830535, -45.38562939866999, -45.38627350419019, -45.384944805732104
theta_in=0.004788856059815259, 0.005837319257537099, 0.004215995870948326, 0.0038858268818054787, 0.005011752883114456
theta_out=-67.00594970440008, -67.00649852274098, -67.00806841128619, -67.00885479920755, -67.0097129773798
radius_in=0.027974942012809846
radius_out=0.004613492139314002
dist_in=0.5478886789614075
dist_out=0.6976865680329657
thickness_upper_1=0.15174842743953237, 0.15169426692965463, 0.15178853564434203, 0.15171242238630506, 0.1517112120641399
thickness_upper_2=0.24706045687888983, 0.24710254395149045, 0.24703482842937846, 0.24711891503313474, 0.2470831232188982
thickness_upper_3=0.17851935609082778, 0.17852218837509903, 0.17859047339798698, 0.1785352588901801, 0.17853467496255118
thickness_upper_4=0.10440261578937078, 0.10447507104004972, 0.10438185686142218, 0.10445791079544692, 0.10441771057820017
thickness_upper_5=0.06850875647508808, 0.06847069687261888, 0.06855935523354921, 0.06845440413268244, 0.06847014498177897
thickness_upper_6=0.033650049773764484, 0.03381073819455404, 0.03368711804179116, 0.03386544380584657, 0.03379498145687951
thickness_lower_1=0.1068282189499754, 0.10668077920373426, 0.10699719647533815, 0.10675129898768071, 0.1067887881271153
thickness_lower_2=0.12295934988527901, 0.12302276643380594, 0.12275957348391789, 0.12307544028701244, 0.12292217489866676
thickness_lower_3=0.1074287644083196, 0.1073100328204253, 0.10748966998197163, 0.10726435541175687, 0.10743536837259578
thickness_lower_4=0.05244194084888257, 0.05247265926062753, 0.052288866604079845, 0.05242101115975218, 0.052406264332606284
thickness_lower_5=0.015192586278511269, 0.01504586367880009, 0.015262181349630217, 0.015086464422779848, 0.015147042584181295
thickness_lower_6=0.002063596735451772, 0.0019516564552795588, 0.0018402595099798913, 0.0019415756650826303, 0.001958943454780833
OPERATION_TYPE=GEOMETRY
PLOT_FORMAT=MATPLOTLIB
PRESCRIBED_BLADE_FILENAME=MoveSurface_Stator_2.txt
Config_Path=/Users/nitish/Dropbox/People/Alex/TestCases/Full_3D_Aachen_Steady/Stator_2/matched_parametrization_Stator_2.cfg
