PLOT_FORMAT=MATPLOTLIB
z_leading=0.250012460623404, 0.3251864051189165
PARAMETRIZATION_TYPE=CAMBER_THICKNESS
thickness_lower_3=0.16362432037607474, 0.16352850266984542, 0.16349524864404708, 0.16371804949302032, 0.16457783471010465
N_BLADES=41.0
stagger=29.97722544394129, 29.988399113534747, 30.00126678106173, 30.0165912812838, 30.023335255412864
dist_in=0.4428424483313679
thickness_lower_2=0.18692772013660033, 0.18665591391389513, 0.18613192348777582, 0.18572817926085558, 0.18575096982646352
thickness_upper_2=0.08642734630343787, 0.0862036653916867, 0.08612177971247498, 0.08671393948246114, 0.08711651044714096
thickness_upper_6=0.04611999077742613, 0.04595816639917842, 0.04604319399398342, 0.04621244935469985, 0.046106151137307864
thickness_lower_1=0.15603771553356086, 0.15640490166987406, 0.15629757913920064, 0.15596011128433782, 0.1550306079253327
thickness_lower_5=0.005859888229267736, 0.0058521979642029735, 0.005800177524609049, 0.005896173892025696, 0.006254449156556343
thickness_lower_6=0.0027271674312744003, 0.0028196135360031133, 0.002763138930794413, 0.0027626817138961825, 0.0027931974232207287
theta_in=-19.718094802290036, -19.650972898208472, -19.608947808835694, -19.664429767183496, -19.690180728148434
# y_leading=-0.054254746449999024, -0.06437140586436729
y_leading=-0.006282821008147893, -0.006282821008147893
thickness_lower_4=0.07393221431058515, 0.07395663870165922, 0.07392278730958608, 0.07395599175298538, 0.07413486370642486
PRESCRIBED_BLADE_FILENAME=MoveSurface_Rotor_1.txt
thickness_upper_3=0.09543377562833051, 0.09489813689660388, 0.0948921741966217, 0.09482188815666685, 0.09696059467174256
thickness_upper_5=0.06748943064677693, 0.06752193356169572, 0.06751191237149509, 0.0672874605693694, 0.06739209025058547
OPERATION_TYPE=GEOMETRY
NDIM=2.0
z_hub=
thickness_upper_4=0.13443207297517504, 0.13389986080370614, 0.13375346025591678, 0.13391736104480662, 0.1348083112849815
dist_out=0.7248341916428367
x_leading=0.05946498011026527, 0.0594636801973662
Config_Path=matched_parametrization_Rotor_1.cfg
x_hub=
radius_out=0.004347355681857316
theta_out=67.03047291146567, 67.03748936748559, 67.04020760707665, 67.03940904275042, 67.04229590851169
N_SECTIONS=30
thickness_upper_1=0.05989873410658384, 0.06004462801650774, 0.0604360777885084, 0.05858738723818911, 0.059640987802847524
CASCADE_TYPE=ANNULAR
z_trailing=0.250015649305011, 0.3251864051189165
x_trailing=0.11391594451534277
x_shroud=
z_shroud=
radius_in=0.0637091336656193
N_POINTS = 500
BODY-FORCE= YES
