NDIM=3.0
N_BLADES=41.0
N_SECTIONS=30
CASCADE_TYPE=ANNULAR
x_leading=0.13499585019785754
y_leading=-0.006293327946079311
z_leading=0.2500183146559119, 0.32501293087956606
x_trailing=0.17881335701444584
z_trailing=0.25001651703635946, 0.32501293087956606
x_hub=
z_hub=
x_shroud=
z_shroud=
PARAMETRIZATION_TYPE=CAMBER_THICKNESS
stagger=-45.38141050769042, -45.385571849893616, -45.38562950519501, -45.3862735988427, -45.384944883241886
theta_in=0.0047888558555751306, 0.005837318797266591, 0.00421599527528413, 0.00388582627797383, 0.005011752211523112
theta_out=-67.00594970467598, -67.00649852278909, -67.0080684112301, -67.00885479906637, -67.00971297697193
radius_in=0.027974659733104833
radius_out=0.004606546261081457
dist_in=0.5478888281985526
dist_out=0.6976865373313872
thickness_upper_1=0.1517484129856643, 0.15169423358666645, 0.15178849713009415, 0.15171238876289417, 0.15171118062554645
thickness_upper_2=0.24706046212896662, 0.24710252691502144, 0.24703480800992186, 0.2471188960713963, 0.2470830994343178
thickness_upper_3=0.17851940553460305, 0.178522227977894, 0.1785905138666279, 0.1785352885982696, 0.17853468717462162
thickness_upper_4=0.10440267167478698, 0.10447511178075954, 0.10438189285365213, 0.10445793454322658, 0.10441772293693014
thickness_upper_5=0.068508739966934, 0.06847065979504184, 0.06855930825655586, 0.06845436208201477, 0.0684701097101242
thickness_upper_6=0.033649995866883047, 0.0338106711712587, 0.03368704148901969, 0.033865379749954974, 0.03379492935966651
thickness_lower_1=0.10682823712971068, 0.10668079647877506, 0.10699722305154594, 0.10675132738158745, 0.1067888029271686
thickness_lower_2=0.12295935787075803, 0.12302276724545723, 0.12275958249989873, 0.12307545669733941, 0.12292218787920384
thickness_lower_3=0.10742875462848094, 0.10731001781279413, 0.10748965237717008, 0.10726434302235388, 0.10743537934464716
thickness_lower_4=0.05244193474233851, 0.05247265804768071, 0.05228886132051115, 0.05242100506081775, 0.05240627631653825
thickness_lower_5=0.015192582695528522, 0.015045853014422348, 0.01526217256908502, 0.015086460256756975, 0.015147047228338094
thickness_lower_6=0.0020635901634211582, 0.0019516404142040052, 0.0018402445235522976, 0.0019415661302695571, 0.001958925626713409
OPERATION_TYPE=GEOMETRY
PLOT_FORMAT=MATPLOTLIB
PRESCRIBED_BLADE_FILENAME=MoveSurface_Stator_2.txt
Config_Path=/home/a/Desktop/Temp/3D_Aachen_Full_Grid_Convergence/M3/WIP/matched_parametrization_Stator_2.cfg
N_POINTS = 30
BODY-FORCE=YES