NDIM=2.0
N_BLADES=41.0
N_SECTIONS=30
CASCADE_TYPE=ANNULAR
x_leading=-2.941208091077383e-05
y_leading=-0.006282821008147893
z_leading=0.2500267173902866, 0.32501
x_trailing=0.04387459476528483
z_trailing=0.2500268443372919, 0.32501
x_hub=
z_hub=
x_shroud=
z_shroud=
PARAMETRIZATION_TYPE=CAMBER_THICKNESS
stagger=-45.35098174850478, -45.35190565085174, -45.350297279067625, -45.351790435420874, -45.35219204712908
theta_in=-0.0005510164609449688, -2.1477253323138712e-06, -0.0023691547680522824, -0.0019597878872744516, -0.0007361788547899171
theta_out=-67.00305764879849, -67.00318721886129, -67.00441029687664, -67.00580752575608, -67.0073770066632
radius_in=0.02798918624792354
radius_out=0.005062025081251966
dist_in=0.5500316378506613
dist_out=0.7053430443490785
thickness_upper_1=0.15111648487040866, 0.1511534629926099, 0.151074671597039, 0.15115497736051028, 0.15111822844084744
thickness_upper_2=0.2454078086422063, 0.2453912064728609, 0.2454353836384053, 0.245407600000594, 0.24542469572022357
thickness_upper_3=0.17725643167286184, 0.1772692182605114, 0.17724735056936347, 0.17726245093082083, 0.17725757124781735
thickness_upper_4=0.10353378222743022, 0.1035490722150881, 0.10352106907212803, 0.1035388486744941, 0.1035324276835044
thickness_upper_5=0.0692612947134663, 0.06925181318598932, 0.06926649475949866, 0.06923326848318888, 0.06924958714988802
thickness_upper_6=0.03307357048839901, 0.03313171596120283, 0.03302100740622565, 0.03313361846953903, 0.03309662093876127
thickness_lower_1=0.1081899776348075, 0.10818338609931964, 0.10817532440763684, 0.1081752777597442, 0.10816883888757438
thickness_lower_2=0.12322810395382264, 0.12323556160431529, 0.12321961326414846, 0.12323259216981539, 0.12323927699340798
thickness_lower_3=0.1105879242642151, 0.1105621071699529, 0.11059602974124942, 0.11056135426730497, 0.11055710939308223
thickness_lower_4=0.054047521485641264, 0.05404414296950362, 0.05404926202974677, 0.05405736412211943, 0.05406066465090566
thickness_lower_5=0.016999936555756084, 0.016960273820550677, 0.017031669543250222, 0.016971986442403806, 0.01696647679878329
thickness_lower_6=0.00010000000000000048, 0.0001, 0.0001, 0.0001, 0.0001
OPERATION_TYPE=GEOMETRY
PLOT_FORMAT=MATPLOTLIB
PRESCRIBED_BLADE_FILENAME=MoveSurface_Stator_1.txt
Config_Path=/home/a/Desktop/Temp/3D_Aachen_Full_Grid_Convergence/M3/WIP/matched_parametrization_Stator_1.cfg
N_POINTS = 500
BODY-FORCE= YES
